# oST version 5.0 parameters


[image]

width
1920

height
1080

[narrow_stereo/left]

camera matrix
1107.444114 0.000000 1020.365042
0.000000 1103.529183 517.729655
0.000000 0.000000 1.000000

distortion
-0.365761 0.099763 -0.000451 -0.004234 0.000000

rectification
0.995766 -0.007880 0.091581
0.007023 0.999929 0.009674
-0.091650 -0.008990 0.995751

projection
917.497881 0.000000 846.567818 0.000000
0.000000 917.497881 527.557789 0.000000
0.000000 0.000000 1.000000 0.000000

# oST version 5.0 parameters


[image]

width
1920

height
1080

[narrow_stereo/right]

camera matrix
1124.187629 0.000000 924.180643
0.000000 1116.071019 537.313405
0.000000 0.000000 1.000000

distortion
-0.368525 0.100752 -0.000091 0.000396 0.000000

rectification
0.999492 -0.006577 0.031187
0.006868 0.999934 -0.009236
-0.031124 0.009446 0.999471

projection
917.497881 0.000000 846.567818 -222.131570
0.000000 917.497881 527.557789 0.000000
0.000000 0.000000 1.000000 0.000000

